# GIMP colorrc
# 
# This file holds a list of recently used colors.

(color-history
    (color-rgba 1 1 0.93333333333333335 1)
    (color-rgba 1 1 1 1)
    (color-rgba 0 0 0 1)
    (color-rgba 0.66666668653488159 0.81568628549575806 0.81568628549575806 1)
    (color-rgba 0.66666666666666663 0.93333333333333335 0.66666666666666663 1)
    (color-rgba 0.66666666666666663 0.66666666666666663 0.93333333333333335 1)
    (color-rgba 0 0 0.81176470588235294 1)
    (color-rgba 0 0.81176470588235294 0 6.4474808779938861e-310)
    (color-rgba 0 0.81176470588235294 0 1)
    (color-rgba 0 0.81176470588235294 0.81176470588235294 1)
    (color-rgba 0.81176470588235294 0 0 1)
    (color-rgba 0.73333334922790527 0 0 1)
    (color-rgba 0.66274511814117432 0 0 1)
    (color-rgba 0.59999999999999998 0.8666666666666667 0.5725490196078431 1)
    (color-rgba 1 1 0 1)
    (color-rgba 0.9882352941176471 0 0 1)
    (color-rgba 0 0.9882352941176471 0.9882352941176471 1)
    (color-rgba 0.73725491762161255 0.73725491762161255 0.91372549533843994 1)
    (color-rgba 1 0 0 1)
    (color-rgba 0 0 0 6.5280068373956004e-310)
    (color-rgba 0.68478260869565222 1 1 1)
    (color-rgba 0.8666666666666667 0.8666666666666667 0.72156862745098038 1)
    (color-rgba 0.16470588743686676 0.18431372940540314 0.30196079611778259 1)
    (color-rgba 0.80000000000000004 0.80000000000000004 0.80000000000000004 6.8302050948773058e-310)
    (color-rgba 0.80000000000000004 0.80000000000000004 0.80000000000000004 1)
    (color-rgba 0.93333333333333335 0.93333333333333335 0.93333333333333335 6.8302050948773058e-310)
    (color-rgba 0.93333333333333335 0.93333333333333335 0.93333333333333335 1)
    (color-rgba 0.68345767259597778 0.68345767259597778 0.68345767259597778 1)
    (color-rgba 0.47843137383460999 0.47843137383460999 0.47843137383460999 1)
    (color-rgba 1 0 1 1)
    (color-rgba 1 0.86915887850467266 0 1))

# end of colorrc
